sort_a: 0.001140 s
sort_i: 0.000981 s
sort_p: 0.000943 s
sort_c: 0.000610 s
sort_m: 0.000578 s
sort_f: 0.000557 s
